	ACK-F1	ACK-F1-a	ACK-F2	ACK-F2-a	ACK-F3	ACK-F3-a	ACK-M1	ACK-M1-a	ACK-M2	ACK-M2-a	ACK-M3	ACK-M3-a	Cig-F1-L	Cig-F1-L-a	Cig-F13-H	Cig-F13-H-a	Cig-F14-H	Cig-F14-H-a	Cig-F15-H	Cig-F15-H-a	Cig-F2-L	Cig-F2-L-a	Cig-F3-L	Cig-F3-L-a	Cig-F7-M	Cig-F7-M-a	Cig-F8-M	Cig-F8-M-a	Cig-M1-L	Cig-M1-L-a	Cig-M13-H	Cig-M13-H-a	Cig-M14-H	Cig-M14-H-a	Cig-M15-H	Cig-M15-H-a	Cig-M2-L	Cig-M2-L-a	Cig-M3-L	Cig-M3-L-a	Cig-M7-M	Cig-M7-M-a	Cig-M8-M	Cig-M8-M-a	Cig-M9-M	Cig-M9-M-a	EL-F1-L	EL-F1-L-a	EL-F13-H	EL-F13-H-a	EL-F14-H	EL-F14-H-a	EL-F15-H	EL-F15-H-a	EL-F3-L	EL-F3-L-a	EL-F6-L	EL-F6-L-a	EL-F7-M	EL-F7-M-a	EL-F8-M	EL-F8-M-a	EL-F9-M	EL-F9-M-a	EL-M1-L	EL-M1-L-a	EL-M13-H	EL-M13-H-a	EL-M14-H	EL-M14-H-a	EL-M15-H	EL-M15-H-a	EL-M2-L	EL-M2-L-a	EL-M3-L	EL-M3-L-a	EL-M7-M	EL-M7-M-a	EL-M8-M	EL-M8-M-a	EL-M9-M	EL-M9-M-a
ACK-F1	0.0	0.7489852218252346	0.6571966378123821	0.7058434849862198	0.7278655167882241	0.7016517924815301	0.7436948339696686	0.7492426608680485	0.7246237252592345	0.7606475816206167	0.7648115059753223	0.7953679036480231	0.6770939321053809	0.7614514411028861	0.6927283076180365	0.8186347170220716	0.6276783573194598	0.7270072462244176	0.7283235163199012	0.7032971749514995	0.7464605108200262	0.8036928035336512	0.6186364068659781	0.7903274377431415	0.7254953877750521	0.7017499644612457	0.7450600717974946	0.7669358494698411	0.7833333938289525	0.8011317878495327	0.7918714121795816	0.7161681942181	0.7825442408506675	0.7992064153566951	0.7606468217926381	0.7613444438335957	0.7981733486391643	0.8322672501545003	0.7462575229605746	0.7990471118544167	0.7809322380465211	0.7006116810312002	0.8169162295491796	0.7897062636297223	0.774746226007602	0.7304548123680598	0.7367996041544842	0.7079289470822324	0.7286213486566718	0.7702668448685936	0.7257145202290689	0.7896312785926973	0.7020945880525776	0.7656589029522978	0.7312222553559388	0.684597727681042	0.7101581434640125	0.730321696830913	0.7057281431277631	0.793174163402777	0.7285940912450893	0.7661828112766698	0.7257381252513903	0.7574418046952889	0.7111303328326783	0.7798449706931206	0.80056695863574	0.7250257374487706	0.712681727822195	0.8196583222351163	0.7295827002862303	0.721439527782251	0.7801657511160626	0.7760033617998646	0.7836837304450215	0.7502860313687267	0.7571595428818494	0.7996303496745595	0.7402608150671506	0.7799682544327603	0.7232621201064763	0.7322941927190109
ACK-F1-a	0.7489852218252346	0.0	0.847094037009863	0.7328994640822689	0.7721942509608651	0.7551382196285414	0.8507537384190559	0.8742791257303876	0.8099677754070764	0.7727837276561648	0.8464965000281396	0.8423719190160273	0.81453811689323	0.8739621412129049	0.8343653235313623	0.8855506582246593	0.7614938995935162	0.8556686716459213	0.7808508613087847	0.7246206018407001	0.7530724684156996	0.8966926600056797	0.8047333571958941	0.7119794111535322	0.7741330781857815	0.8091020138700807	0.8398052444410128	0.8935391408455424	0.8877086459563794	0.7966822747862754	0.7500035308740061	0.8628151616424139	0.9026497080810112	0.7628633506065905	0.8879122123302041	0.8733418492643239	0.8079487898416865	0.8647719578368752	0.8980176782905672	0.803807206729001	0.9145408186768412	0.7596592148117319	0.8762518345802636	0.7975087718772343	0.8976242816731522	0.75923346555792	0.9072524669268367	0.7668419899517647	0.7317271597210756	0.7549789386507649	0.7603645206771613	0.8890847246226932	0.7263924379891179	0.8254276220914253	0.7490502579498494	0.7883781433451581	0.7736752804904888	0.7273973614108713	0.7817222902249102	0.7703451044650635	0.8231181500530388	0.8890389187131003	0.7930513692886141	0.8829100560229597	0.8018816745698711	0.8581253058935877	0.8120850557376109	0.7881180481671005	0.8650424612138999	0.8375986749925597	0.8457625313755192	0.8041413669040363	0.9027826873494248	0.8728945043353463	0.9291427967552454	0.7511877336052687	0.8151525183850052	0.8714293528366956	0.8683753366651429	0.9113481394102243	0.8285638804181905	0.849914110910717
ACK-F2	0.6571966378123821	0.847094037009863	0.0	0.7557237092519904	0.7594816827061707	0.8060671450073668	0.7208122373781825	0.7464111470689324	0.7031496106295564	0.7754990827361048	0.6874775661401819	0.7396076880294983	0.6503587534717105	0.6863545855451695	0.6466131480228196	0.809095304283573	0.6797737625764888	0.7575720159742808	0.7745792019719565	0.7561273765837973	0.7557062900886077	0.7653075465038329	0.6615875045091181	0.8260513313384293	0.8052661495095026	0.694373171859913	0.7441909031591396	0.6448894669832276	0.7202206631064393	0.8422128683800818	0.8313087376096665	0.7387321679687203	0.6614379998264944	0.8702249480328177	0.7076805522920745	0.7695390139436016	0.8424248217686012	0.8673272616861063	0.7036492100634888	0.8605998804100167	0.6912302797810137	0.769448125141506	0.7718066894898381	0.8541689750210147	0.6842814474756236	0.814957721640584	0.6708121067498455	0.7194769305800564	0.7885033104389859	0.8246692526356163	0.8215661197862718	0.7454417628490873	0.8304600409293811	0.8149135508238755	0.718435668869447	0.7736971334787157	0.7855907399008359	0.7138159550556401	0.7730594380118292	0.8200819377062001	0.6839864461221801	0.6800275154820189	0.7483107844221988	0.7101440876063024	0.7422958355890652	0.7928725629904626	0.8507596136985338	0.765557992255641	0.6664786499664817	0.8785108028785672	0.6971463773506819	0.8009442850556352	0.6761962543328699	0.7842083961354681	0.7171178594300455	0.8513848194822171	0.7582392528789108	0.8363295142425594	0.7198074384897583	0.7518593483640534	0.6724817953381103	0.7763322320302197
ACK-F2-a	0.7058434849862198	0.7328994640822689	0.7557237092519904	0.0	0.759338208932026	0.7190523300924075	0.7850212723588857	0.7941238178161677	0.765424766910975	0.7543344606558012	0.7914283398824783	0.8217057509045129	0.730233370695878	0.7974477252849617	0.7110044467878609	0.8209860258249915	0.6511911839449488	0.7600500918064887	0.7537560247679391	0.7104381274173882	0.7262390515633007	0.8114801158131081	0.7111741742523731	0.7610733879976339	0.739827108311427	0.77021670195874	0.7616492421492507	0.807504932976024	0.833547582868601	0.7806169836991504	0.7088459469893585	0.7463310013039188	0.8060305019745914	0.7905156239905938	0.7967387317733741	0.7902362495779064	0.7981873631491039	0.8119836760648352	0.8018983410829658	0.807358507592583	0.8346265896870952	0.6696944763559795	0.7796282101478048	0.7658655682081773	0.8031440746238333	0.6943506168207396	0.806526703388248	0.712279944812839	0.7824984278057029	0.7087030328790791	0.7661075209433565	0.8326042211423578	0.7352672394095727	0.7895243063187393	0.7535837352259349	0.6913885559690466	0.7425715787246772	0.704755007064926	0.7474285268904693	0.7663856191932713	0.767312890545223	0.8066439618054381	0.7374132934464857	0.8140801799957949	0.741948465496934	0.7756229012243261	0.7735762323754778	0.7331078449201572	0.7745337318944764	0.8014691668102887	0.7596015375557417	0.7432981299783447	0.8205384601535319	0.784385998689691	0.8221578917829815	0.7559025879463703	0.7539590309190811	0.8198131205280873	0.7952633711460608	0.8307363352606704	0.7695594082104458	0.7801951200697607
ACK-F3	0.7278655167882241	0.7721942509608651	0.7594816827061707	0.759338208932026	0.0	0.7407886600958744	0.7999531895724202	0.8601121254988819	0.8208491989257168	0.8391241264700607	0.8122068920765778	0.8759078427184168	0.7579202135852247	0.8692918026439324	0.7554883334620566	0.8504856028810465	0.7454992570363455	0.8465423140219627	0.7649434346291586	0.7552421390891436	0.7974379807840667	0.8569149561965915	0.7379709380228227	0.8218884459309864	0.7606942096322714	0.792467545226858	0.7924066982945118	0.8929468513677862	0.8849308249447421	0.8417640934277826	0.7854886371772873	0.8312949037750346	0.891103220540847	0.8341128012257265	0.8588793736998733	0.8766076598035093	0.8083539715536965	0.8521480678838047	0.8707474673972116	0.8192275297146427	0.8751919557010874	0.7797658934728325	0.8689190169269905	0.8144370639583088	0.8838567886583314	0.8142616053642471	0.8076332117028596	0.8248356255056813	0.7701198992547804	0.8015948378003743	0.8184942129054708	0.9025218955671438	0.767648257210101	0.8021483446958878	0.7245988367971951	0.7980713146305242	0.7537168553974518	0.7957803469690683	0.7746723027344995	0.8316441519305021	0.8519107449001677	0.8852052772802048	0.8025943514441085	0.8502501039253486	0.7648959905166413	0.8652224355979142	0.7873227996777367	0.7989236704324559	0.8002154027830676	0.863245943337137	0.8084999470282084	0.8153294515758109	0.8997356848756828	0.8708219347204679	0.8910324616717008	0.8228668247831031	0.7883746848082722	0.8507298278256509	0.841849072087213	0.8954601323141751	0.7868783589338603	0.8629644072783025
ACK-F3-a	0.7016517924815301	0.7551382196285414	0.8060671450073668	0.7190523300924075	0.7407886600958744	0.0	0.7837016561030766	0.8530798689006261	0.8311974542082369	0.8295955117485175	0.8528978791102683	0.8737660165415956	0.7663859098688776	0.8611196511064947	0.7755297416149474	0.8349146227956508	0.7406182685381242	0.8460880203782944	0.7197154570908845	0.7317403822239149	0.8254335604075239	0.855385143010051	0.7156175135398168	0.780525947707428	0.7025484446476186	0.7648158146722391	0.811869371724332	0.8729334411166205	0.877604257030138	0.827390539595628	0.805245175018631	0.8424376815856114	0.8797176543650433	0.831377155536118	0.8584768973445537	0.8726639430675394	0.8126892335083273	0.8484371931818239	0.8664059536825995	0.7870568231808337	0.8888852311277021	0.7857342412175545	0.851548247468937	0.7590339125917371	0.8784949916951756	0.7981702435843241	0.8408816665919769	0.8023198887131185	0.7371972820552039	0.7875824597996107	0.8107359066045035	0.8974787216224205	0.6522956935233717	0.7345225227171319	0.8097094027853099	0.7793966878308989	0.7397817586183082	0.7604826024247071	0.7365167970634382	0.7778192627328387	0.8350697199271092	0.8783817816269	0.7812351268139807	0.8362455706836411	0.7520665273334025	0.8511164354226932	0.7685897797413108	0.8078903557126925	0.8055231849903917	0.8393273250497739	0.8147032794135246	0.7808967019738289	0.9021628527708141	0.8406487534059618	0.8824060547348374	0.8269036338285892	0.7912616826282115	0.8483000135205837	0.8251484059856318	0.8855564909531979	0.819627753003016	0.8409444964355498
ACK-M1	0.7436948339696686	0.8507537384190559	0.7208122373781825	0.7850212723588857	0.7999531895724202	0.7837016561030766	0.0	0.6945745235933499	0.6684785192173242	0.7154835074662015	0.6077651488397241	0.8251032577127292	0.6659278414990147	0.6984523785470307	0.6913592360085714	0.8013677974456526	0.7518597491018799	0.7699840905521301	0.7349502611670103	0.684476800891669	0.7941025262757899	0.7011504259614877	0.7162252869228042	0.7381367814883912	0.7758630813523145	0.665675840895471	0.7664374217842475	0.7448012370339159	0.7604137959417773	0.7752236364347949	0.8101200929009073	0.7631567050136734	0.7397561789493309	0.8120222235552873	0.7059936174368391	0.7203046453875884	0.7530508160996723	0.8374317116145275	0.703704734353521	0.812323141852192	0.682894337152807	0.768690509759928	0.7225464099544182	0.7775874119578795	0.6800485574268845	0.8035175176995734	0.698225378204223	0.7622770481335336	0.7958342230617989	0.820736860793989	0.8012539767780223	0.784505956047035	0.8032380468833444	0.7319115327842733	0.7666321465550631	0.7848837647943271	0.7581410750602459	0.7005091807267914	0.738807413719237	0.7533100922297737	0.7206532611614139	0.7329287837496308	0.7222491710393176	0.6765041937334662	0.6621233112776397	0.7581324481701267	0.7253228569890633	0.7896611835203766	0.6263493487313401	0.8071185347489394	0.6998830988371523	0.7615374895780532	0.735092409071601	0.7174455885026847	0.7208015781724472	0.8345380025912038	0.5977007384250397	0.8088765673624365	0.6899980188265165	0.6909315919522498	0.6648338722849068	0.8039027648904393
ACK-M1-a	0.7492426608680485	0.8742791257303876	0.7464111470689324	0.7941238178161677	0.8601121254988819	0.8530798689006261	0.6945745235933499	0.0	0.6926357566257998	0.5888705232664971	0.5966729076063484	0.7078356111808098	0.7261459980629641	0.6436150299456949	0.7539877146212876	0.8370953053380166	0.7560266043385331	0.6302499796339717	0.8486137194746118	0.7411641210101926	0.7983869544187587	0.7627831667933894	0.7481416968647957	0.8451675272977206	0.8888133035070493	0.7680319399255567	0.744738819554397	0.6372599289489952	0.7274386936521117	0.7508674109502506	0.8133255730165619	0.6452101432744077	0.5892676161838936	0.7256693744880982	0.5940112700598724	0.6345933188551885	0.775937511233194	0.7812088904735708	0.5810191589730151	0.7960257200486378	0.6111037605347439	0.7023525570007684	0.6850288567265499	0.8282649810871207	0.6265605697419219	0.7158794289724716	0.6365426721612163	0.6929249320631244	0.8314938656331219	0.8252896781383707	0.8035815865345071	0.6975572572909081	0.8448191661099633	0.8206921832678938	0.7980805382605787	0.7132663592180889	0.842909087775223	0.7262429657281532	0.8183399980577283	0.8405564615855537	0.7054023170586969	0.6282857019596914	0.8113445969826685	0.7215581835846335	0.7073133567567396	0.5762082744892093	0.8791754430367464	0.7151243117824132	0.7073801651471665	0.7274536413599884	0.7499086948132977	0.6761090361307434	0.6234518084067959	0.6133583055055197	0.681007047440839	0.7915884175856899	0.7043399009010621	0.6914140119019977	0.7036353856998899	0.5815496143557991	0.6393260256423744	0.6092354059119593
ACK-M2	0.7246237252592345	0.8099677754070764	0.7031496106295564	0.765424766910975	0.8208491989257168	0.8311974542082369	0.6684785192173242	0.6926357566257998	0.0	0.6453173681124404	0.6408175181907442	0.7499233485039554	0.700176104177974	0.6628686544252529	0.7283967637904835	0.798893842307636	0.7563385323959013	0.7413358782961533	0.7985353071794905	0.7566737621004387	0.7401766746183928	0.7458600888402549	0.7760155032005105	0.819102902939515	0.827164318479786	0.728319736176687	0.7535360934633258	0.7097643123214389	0.7025909961750838	0.7944946438668662	0.7723323441361241	0.7445429506028853	0.6493423842097384	0.8039013298356914	0.6027203356457209	0.726718198135561	0.8114371589328169	0.7819327798922767	0.655093077562962	0.8161472799354105	0.6478296382968863	0.7701526649114429	0.6750700297418419	0.8304714609102072	0.6583214984293939	0.7617482046515174	0.6842120788344821	0.7224746744442395	0.7646099504157438	0.797353018004945	0.7703970487875091	0.6752090445835777	0.7998720673575416	0.8170665579198296	0.6846812449045566	0.7592326701527715	0.7983419483228466	0.7137994485198285	0.763299763572937	0.8256095672806285	0.6968212859827753	0.6846315223543601	0.7371905555414702	0.7067689378497816	0.6659862078241483	0.721092509997225	0.814931840840091	0.7304936046459599	0.7167941972024159	0.8050610165891308	0.7391210759279263	0.7699271177301596	0.6663871648009145	0.7091341189599026	0.7207633825322405	0.7547675002854378	0.715678203227464	0.7690927543724563	0.6649790888350126	0.6699349168903215	0.6520921471816269	0.742757458230073
ACK-M2-a	0.7606475816206167	0.7727837276561648	0.7754990827361048	0.7543344606558012	0.8391241264700607	0.8295955117485175	0.7154835074662015	0.5888705232664971	0.6453173681124404	0.0	0.7157670013643108	0.7502052039717906	0.7385542864282734	0.701847838907025	0.7617550789264655	0.8131887464511601	0.7597931876802337	0.6523039592788983	0.821198843992829	0.7188360870769763	0.7513887353486204	0.7528368663588713	0.7716504984359079	0.7411959332632311	0.8283352851595328	0.7310205134977705	0.7533311240365793	0.7270095638607693	0.7683543199598474	0.6564332519405437	0.7371396183868039	0.6442588903781392	0.7117319953605121	0.6863304666594137	0.6858432791984885	0.6212503594356024	0.7389442285569485	0.7224833185317151	0.7181428209179194	0.7412657237034743	0.7455947369038071	0.6569189565076168	0.7675749729782614	0.7770817879193049	0.7298409327173397	0.6879722352186108	0.7596787390405966	0.7312982365174443	0.8008889083623044	0.7490567014870751	0.7381571487276662	0.7205607440276357	0.8131233695911009	0.7779622053531973	0.7349436910557104	0.7126236762293292	0.8014404224720096	0.7143844775421675	0.7655506548690807	0.806391373562066	0.7122641973102322	0.7543371653405944	0.7353354735393663	0.7411719131645755	0.6705540269300865	0.632998845417945	0.8289488366632406	0.7170841075040613	0.7581854093053163	0.6831089145564924	0.7717403026984591	0.6328242869994828	0.7275416978527671	0.5964229008723001	0.7532078516631384	0.7238640483713576	0.6781737338170034	0.7128288150885898	0.7379427151901811	0.6762946527454936	0.6242392186270399	0.6580519869767767
ACK-M3	0.7648115059753223	0.8464965000281396	0.6874775661401819	0.7914283398824783	0.8122068920765778	0.8528978791102683	0.6077651488397241	0.5966729076063484	0.6408175181907442	0.7157670013643108	0.0	0.6811674437332228	0.6795688266722827	0.6465618739725172	0.7081898162323227	0.8245200598653196	0.7681597238478658	0.7560273713534491	0.8028204114284817	0.7453452274060446	0.7806139009659312	0.7542723023134053	0.7513633630816386	0.8039909965721007	0.8553067756347847	0.7137337465146489	0.7768995163447255	0.6621013457851755	0.721154925234205	0.822293477070875	0.8225008752581775	0.7609623688169105	0.627927956530275	0.8154284793062979	0.6459460667210579	0.7438700257104245	0.7879001226898014	0.8555699715261922	0.5918480407505585	0.844982939404936	0.546709030803483	0.7786320549807696	0.6016591679212692	0.8358385118517749	0.6133922756850182	0.8057170875239404	0.5882555270560371	0.7210147550177957	0.8216667311801666	0.8274414443418545	0.78937096184032	0.7246394163562226	0.8399619477365311	0.8206276550358407	0.7608635292253384	0.7948634790607605	0.811715542871401	0.7214598034226657	0.7931012417679839	0.8220057817915908	0.6710898572584271	0.6292365723852538	0.7732480087769006	0.7131250319063349	0.698550676723813	0.7400138969939312	0.8202677886959474	0.769558071769144	0.6622446192904753	0.8370320900985876	0.6943137021213115	0.7868276172709673	0.6326988818894614	0.7344396253181664	0.6707131836236061	0.8351139969737571	0.6985116170238493	0.8228243827850537	0.6999923589217215	0.6436493511354229	0.6469691410281805	0.7788854502338053
ACK-M3-a	0.7953679036480231	0.8423719190160273	0.7396076880294983	0.8217057509045129	0.8759078427184168	0.8737660165415956	0.8251032577127292	0.7078356111808098	0.7499233485039554	0.7502052039717906	0.6811674437332228	0.0	0.8094899851463339	0.7521552257915106	0.8240921308143301	0.8568630815849098	0.7730839235612863	0.8235340650646125	0.8447291102187672	0.8187030513757824	0.81094060001263	0.8773729993849093	0.8104773785872919	0.87315064171312	0.8504015950985755	0.8254419522554702	0.8502487080673677	0.6885720508128238	0.7755169180454808	0.8700520194826059	0.7971305829112278	0.7758810817325812	0.6756597432496856	0.8521100659073119	0.7280719463680503	0.7836870287682227	0.878314297836152	0.8277832341547792	0.6968007588423359	0.8465189242664422	0.7222842162528647	0.8087279077242208	0.7576377111498959	0.8577252316131344	0.7003284549521063	0.7972227635686269	0.7656446931581719	0.7316203139723899	0.8771143202826656	0.83336524262814	0.8243429936431642	0.7963264060892211	0.8727156946539103	0.9030883560935408	0.7942330658351306	0.8403037263843524	0.8356504870007962	0.7998553167152486	0.8503027293309536	0.8750703496958869	0.7452349293949707	0.730710532405631	0.8509732539181951	0.8363275630276565	0.8026250247924741	0.80506878191281	0.8968960030500576	0.7408107714608084	0.7796225878561501	0.8468659754708898	0.7656497082697701	0.7898002453358366	0.6749451629292342	0.817894901630144	0.8068782625171267	0.817150799525214	0.8193687459275828	0.7852087510228148	0.8077808487679002	0.7545444090429198	0.7418593843458684	0.7617709135114311
Cig-F1-L	0.6770939321053809	0.81453811689323	0.6503587534717105	0.730233370695878	0.7579202135852247	0.7663859098688776	0.6659278414990147	0.7261459980629641	0.700176104177974	0.7385542864282734	0.6795688266722827	0.8094899851463339	0.0	0.6532778681806899	0.6322310025793577	0.7905541383662761	0.6959028730417526	0.7342756784842561	0.7394441612127098	0.6840694767762246	0.7099642580772173	0.7115840016188246	0.6298634744258829	0.7442721975886626	0.7713522392693306	0.6545483704555151	0.6915241707768108	0.6935412833073782	0.7439305427375621	0.7660969297856002	0.8166002591249055	0.7329533772906733	0.7257743069228213	0.8258270956697428	0.7045742949272717	0.7577783714034626	0.8137223380664398	0.8261416259813341	0.7035781704974298	0.8187767895174834	0.6858175198312738	0.7303596049839237	0.7387055675071075	0.8296830852564059	0.7204958159787131	0.7838172146775264	0.6959812673667594	0.7060251264318178	0.7651198090936275	0.77453108746598	0.755631741265714	0.7617214950772782	0.7728825197843449	0.7170377811105095	0.7362215403592297	0.7041886390109677	0.7701747295595394	0.6513838840745004	0.7300490091989218	0.7505994861277469	0.6653892810722122	0.7023174090217491	0.717828361443417	0.6635713665172807	0.6948879003563739	0.7563459495845749	0.799057160291491	0.7660122722946937	0.6649092073878102	0.8178626076080598	0.6873865083894976	0.7507025851719077	0.7315547532466314	0.706718572783082	0.7363074251676166	0.8252455834921085	0.7217737643511786	0.8095718156365503	0.7154468417492503	0.7428322055016751	0.6851143756258176	0.7732321596317152
Cig-F1-L-a	0.7614514411028861	0.8739621412129049	0.6863545855451695	0.7974477252849617	0.8692918026439324	0.8611196511064947	0.6984523785470307	0.6436150299456949	0.6628686544252529	0.701847838907025	0.6465618739725172	0.7521552257915106	0.6532778681806899	0.0	0.7072131075201303	0.7928829587651338	0.756905106457379	0.7341176095248857	0.8327219586632782	0.7669418705171769	0.7771153075109019	0.668483488924199	0.7438464075340799	0.8249518811998002	0.8745969554318269	0.6915584808901417	0.7566714838211763	0.5776003678709811	0.6565024935808128	0.806709153067584	0.867855122680182	0.7207993935927433	0.6123274997740662	0.8219907721397703	0.604517472835051	0.7124512535296936	0.8498368476515136	0.8067022995802345	0.6011576453440796	0.8792411432159949	0.6102509961865382	0.7801558450880617	0.6913174271053507	0.8773260823410212	0.6293768379194118	0.797732164952989	0.6149349125532793	0.6674043364829662	0.820995426504137	0.8255386617456754	0.824309604565408	0.6376064450912755	0.8635306620004474	0.8022775136762464	0.7792932564604242	0.7660985329270655	0.8381526512508032	0.7002917231942176	0.8110195109288504	0.8277168653768827	0.6542461523151779	0.5148369348877508	0.7805531456340145	0.6022592403625154	0.7568901649630991	0.7065055423381498	0.877609682991276	0.7589228204743133	0.6978728607976175	0.8516288550535476	0.7364585874459892	0.7862783438548562	0.6178352447485234	0.6682133124720229	0.6471174051656979	0.8018334379660422	0.7495567952352546	0.7807630452110286	0.6525750891121395	0.6005821522198542	0.6486586420223274	0.7363366065846221
Cig-F13-H	0.6927283076180365	0.8343653235313623	0.6466131480228196	0.7110044467878609	0.7554883334620566	0.7755297416149474	0.6913592360085714	0.7539877146212876	0.7283967637904835	0.7617550789264655	0.7081898162323227	0.8240921308143301	0.6322310025793577	0.7072131075201303	0.0	0.8080657988988493	0.6822266320410837	0.7592179606212522	0.7371015387543666	0.7087766187784702	0.774397595712718	0.7542788687011687	0.66978173389537	0.783353879465037	0.7834919800322122	0.65888562025272	0.7583146688258035	0.7296891393638006	0.7676954287117642	0.8269100209987595	0.8177814097041401	0.7644557597123997	0.7381687307393883	0.8518644368658378	0.736564900968176	0.7936658776484539	0.8341850955879492	0.868788700459575	0.7101018361341873	0.8554905456863577	0.7132606599585862	0.7699189356897945	0.7284548250592596	0.8435863818244624	0.7542562731396754	0.7881047610400371	0.6628544796899055	0.7552700524021786	0.8011955533539802	0.8071848269299229	0.8096844624810896	0.7748786242876906	0.7916981441226553	0.7685007586573953	0.7692071534961237	0.7417411640966343	0.7806108313622724	0.6902190734136783	0.7444121330071695	0.7626594438129786	0.6649060419016274	0.7204578028428683	0.7079478169330102	0.6891934645344066	0.7223061904008298	0.7856663167117047	0.7797683257413219	0.7943387558024039	0.670617996068543	0.8586589657240145	0.6692779995889347	0.8015091199101413	0.7548261608450978	0.764114502734898	0.727633534361433	0.8273828913597191	0.7406404045564192	0.8332194587920079	0.7154295560321753	0.7678072509233617	0.7083182016102003	0.8017368992228703
Cig-F13-H-a	0.8186347170220716	0.8855506582246593	0.809095304283573	0.8209860258249915	0.8504856028810465	0.8349146227956508	0.8013677974456526	0.8370953053380166	0.798893842307636	0.8131887464511601	0.8245200598653196	0.8568630815849098	0.7905541383662761	0.7928829587651338	0.8080657988988493	0.0	0.8181608019302443	0.8104358427743619	0.8445673608097453	0.8061624202814778	0.7722404543608292	0.7952618559997044	0.7875954752090375	0.8402227325461876	0.8260209055488965	0.7828965620555447	0.7518928311548054	0.7721402972761625	0.8441271549112124	0.8479965649204775	0.8500322593112861	0.8085461456609666	0.8108404252068351	0.8754609859216897	0.795821661866621	0.8029518556736923	0.8826645867538424	0.8154041288512209	0.8311094688974118	0.8982903109045014	0.7996525198568339	0.8054277870052253	0.7986593555527259	0.9016046625027311	0.8071976054879514	0.864884268592131	0.8203505362808797	0.7825712184913499	0.8353947515837997	0.8340882174912284	0.8804797818790576	0.8334378316508486	0.8640933836670683	0.8473854894501437	0.728784697741209	0.8007827939119221	0.8121915479544146	0.7964159199150631	0.8260239211273522	0.8656662969418975	0.8159972265594752	0.8189936235873203	0.792526968799276	0.7527315580243046	0.8204344249671726	0.8409113448795251	0.8913124037657773	0.7925959194131206	0.8012663421782417	0.8900713627797989	0.8544803080936335	0.8516762335301511	0.8378243700018494	0.8112346708398295	0.8273815632601205	0.8754439989879286	0.8359941367606394	0.7928299229791447	0.7694460309711805	0.8129350718191839	0.8035848794713785	0.8358853272612963
Cig-F14-H	0.6276783573194598	0.7614938995935162	0.6797737625764888	0.6511911839449488	0.7454992570363455	0.7406182685381242	0.7518597491018799	0.7560266043385331	0.7563385323959013	0.7597931876802337	0.7681597238478658	0.7730839235612863	0.6959028730417526	0.756905106457379	0.6822266320410837	0.8181608019302443	0.0	0.7165818577472564	0.7193890962209075	0.7051237416014194	0.7401069460314533	0.8076906897143934	0.6436561734993986	0.8005286637051356	0.729721741771745	0.732166233219488	0.7395435118465539	0.7630794278223586	0.8012559371841702	0.8039294505969764	0.7101060382336504	0.6972027553853677	0.7428129039990191	0.7771016907756847	0.7493684757268878	0.7564897975992709	0.7873434298633546	0.8174051094744984	0.7333384244675296	0.8096632122287397	0.7997897334747847	0.6831173196803538	0.8144962800955445	0.8054991648923334	0.7410773516538668	0.6805969047423667	0.7516297328420011	0.7160446327956743	0.7559632892406327	0.7442504554683299	0.7806288085454414	0.7811777498571311	0.6795988144916504	0.7659140514042636	0.7526385691794931	0.6947988146989402	0.7194740942976977	0.7343231042697549	0.7129922828595742	0.773266735833584	0.7391457819362613	0.7594664338961485	0.7437289062373466	0.7857533962861399	0.7218192544209965	0.7847523848078297	0.7622496713394106	0.7003601895938157	0.7158403731034044	0.7965630274373323	0.7390860029384594	0.7371240381323526	0.7529325902393462	0.7901081849905071	0.7874871459530144	0.7750014068641617	0.7359728291460883	0.7768475448129377	0.7742137446683092	0.7925303825366967	0.7247270371784238	0.7361676910117544
Cig-F14-H-a	0.7270072462244176	0.8556686716459213	0.7575720159742808	0.7600500918064887	0.8465423140219627	0.8460880203782944	0.7699840905521301	0.6302499796339717	0.7413358782961533	0.6523039592788983	0.7560273713534491	0.8235340650646125	0.7342756784842561	0.7341176095248857	0.7592179606212522	0.8104358427743619	0.7165818577472564	0.0	0.8548262266224602	0.7466116063047937	0.7562565361588481	0.7551288227075313	0.7305738037701646	0.8255120237228508	0.85680392033126	0.771642197807845	0.6906450329452015	0.708602130794759	0.7747570520208427	0.7207611078535475	0.8003030842203512	0.6346304001366554	0.7280844939634527	0.7272851846549211	0.7109292963438854	0.6311302077367165	0.7954213533669201	0.771563252384816	0.7308783255843007	0.8215242545684915	0.744842823236368	0.6646162653674199	0.7952396330935799	0.8141198015310502	0.7359680962493979	0.6658712078686827	0.768236760104903	0.6892552113279329	0.8149266071264192	0.7111512848196774	0.7634691670392926	0.7361333502097923	0.8191791129692763	0.7839497028307477	0.7837512883807362	0.5984578279374345	0.8392667530328761	0.7481691199118949	0.8055185887911169	0.8339418664867756	0.7794995148890121	0.7403951759620877	0.7762620641919904	0.7631671794948441	0.741189141794393	0.6846511213400606	0.8821317118910341	0.7112815276409257	0.7582754450934017	0.7325494951880401	0.807211977225148	0.6861870680862999	0.7365283065486511	0.6887412483795892	0.7491779822175547	0.7650327815273226	0.766506832963959	0.7299384247644872	0.7672032004362616	0.7258577053668189	0.6981568956069367	0.6475845551116427
Cig-F15-H	0.7283235163199012	0.7808508613087847	0.7745792019719565	0.7537560247679391	0.7649434346291586	0.7197154570908845	0.7349502611670103	0.8486137194746118	0.7985353071794905	0.821198843992829	0.8028204114284817	0.8447291102187672	0.7394441612127098	0.8327219586632782	0.7371015387543666	0.8445673608097453	0.7193890962209075	0.8548262266224602	0.0	0.6999218627997466	0.8013621012642449	0.8402539939214219	0.7440983559542652	0.7608059539270483	0.7393634748457899	0.7297241651808124	0.8273179833755339	0.863814877456952	0.8546630012757797	0.8260121402465339	0.8169926811989886	0.8585591752294859	0.8517360410658253	0.861410643374288	0.8476936768399624	0.8692602451624695	0.8134235873039515	0.8827511052509229	0.8511919027214122	0.806005148770033	0.8536701611805532	0.8124872695112166	0.8327226365190853	0.7654773381950388	0.8595016498892828	0.8409394940005276	0.8099994347533702	0.8172070048832002	0.7345212653019217	0.7999549822646018	0.8095469172184009	0.8941820764771151	0.7380821721031412	0.7647828577568601	0.7682446768726953	0.8080484050100141	0.7094908799796122	0.7448670861265478	0.7108322675996565	0.7253907747641751	0.8015281753412942	0.8566604257961635	0.7702512361924984	0.8169047512142018	0.7339950548058086	0.8465940678177716	0.7168859173417443	0.8290388396754723	0.7742914505158783	0.8575722102040182	0.7725776455743139	0.8024162069115697	0.8772000571870036	0.8429912807955842	0.8697288464690305	0.8453303517434616	0.7272277926687591	0.8556377775274351	0.8093200291449995	0.8752627940249936	0.7676316647623977	0.8615840599799199
Cig-F15-H-a	0.7032971749514995	0.7246206018407001	0.7561273765837973	0.7104381274173882	0.7552421390891436	0.7317403822239149	0.684476800891669	0.7411641210101926	0.7566737621004387	0.7188360870769763	0.7453452274060446	0.8187030513757824	0.6840694767762246	0.7669418705171769	0.7087766187784702	0.8061624202814778	0.7051237416014194	0.7466116063047937	0.6999218627997466	0.0	0.7553294487390482	0.8060525034645714	0.6719850411209389	0.7026643002506859	0.7060541217049846	0.694950748888793	0.7305348232713864	0.7840121937742186	0.8006676173264005	0.7577201373389901	0.7699867631692815	0.7738314177183997	0.8061748397696524	0.7601756500971582	0.7800916184971076	0.780938677088691	0.7694528635378614	0.8189896319915391	0.8015098683524552	0.7062948915500776	0.8098807538842688	0.6921415660921443	0.80613952784932	0.6837313216535672	0.778790684481037	0.7505627020873492	0.7506460621262463	0.7336050906232134	0.7523189379440998	0.7578076071450135	0.7424985348455858	0.8453215014864383	0.7103619202189883	0.6757057963681656	0.7637328339292998	0.7063507565300517	0.659569120102771	0.674166372759644	0.7128547207400654	0.6275353865608166	0.7543219245647558	0.7850563291328225	0.7533650757780342	0.7721699460818893	0.7159443452641854	0.7736830939894337	0.7247883858646437	0.7433972807450691	0.6922644582647492	0.7829982389755429	0.7391366011616357	0.7022907031420699	0.8198783071471878	0.752448060363495	0.8094474577710442	0.7781417005205764	0.7130087834384417	0.8117855730779876	0.7865458909396779	0.7947515280097015	0.7257520893389127	0.7981533995357388
Cig-F2-L	0.7464605108200262	0.7530724684156996	0.7557062900886077	0.7262390515633007	0.7974379807840667	0.8254335604075239	0.7941025262757899	0.7983869544187587	0.7401766746183928	0.7513887353486204	0.7806139009659312	0.81094060001263	0.7099642580772173	0.7771153075109019	0.774397595712718	0.7722404543608292	0.7401069460314533	0.7562565361588481	0.8013621012642449	0.7553294487390482	0.0	0.761216611265922	0.6931550336441555	0.7323362825311961	0.808850150507485	0.7592822648266074	0.7068575812442685	0.7589893139183876	0.7992894502835199	0.810149077878059	0.7398008382571982	0.7479484280037924	0.7833283532633506	0.797957087296643	0.7534765762952411	0.7647039345338805	0.8243007159659383	0.7815586269506624	0.8177172266698011	0.8533174743668662	0.7757759796728657	0.7113452027597641	0.8136398501269463	0.8434890871304225	0.7854038505137142	0.778631957493816	0.8208766682257165	0.7013225445415042	0.7884498192972702	0.7350981992084359	0.8049825987322742	0.8085623447944087	0.8174752260705539	0.8394346610381646	0.6582103952058171	0.7371741812499988	0.7526139600834671	0.7187233569906669	0.7895142266445278	0.8131411748266786	0.7410354496664637	0.771401749102489	0.7225149576027319	0.7372003580576331	0.784611953242729	0.806871953994364	0.8439018260151292	0.7307691371589794	0.7735478542494807	0.8595971343504623	0.8375325860471664	0.8052646439311972	0.7914056305223625	0.7775238365770815	0.8195690614849281	0.8119411944757503	0.7807727456502687	0.7967433546176709	0.7487803444642365	0.7938736229291756	0.7870678362042238	0.7994924449962229
Cig-F2-L-a	0.8036928035336512	0.8966926600056797	0.7653075465038329	0.8114801158131081	0.8569149561965915	0.855385143010051	0.7011504259614877	0.7627831667933894	0.7458600888402549	0.7528368663588713	0.7542723023134053	0.8773729993849093	0.7115840016188246	0.668483488924199	0.7542788687011687	0.7952618559997044	0.8076906897143934	0.7551288227075313	0.8402539939214219	0.8060525034645714	0.761216611265922	0.0	0.7570414326102151	0.7850173886180654	0.8456793289719517	0.697240271976345	0.6981435480281621	0.6952066113018832	0.7644228088223654	0.7805431368752901	0.8745806807792463	0.769832090457248	0.76648833565986	0.8831336674258214	0.738685281017502	0.7587199876158413	0.8448334026156161	0.8501989899439677	0.7558388344794283	0.8782283056203745	0.7020922097615394	0.7945075257228282	0.7655121840575093	0.8683862013291848	0.7358096761977324	0.8369353546617354	0.762301320048606	0.7821647428237658	0.8267036615030707	0.8030585241474764	0.814518124974753	0.716077620454311	0.8771484528256325	0.7853477765012022	0.8051350659563699	0.7881565046103282	0.8510839647025885	0.7444451198715509	0.8044567955687496	0.8225652630473751	0.7407779297616925	0.7169939149809781	0.7387268893132266	0.6416208454220627	0.7720564718457116	0.7780446443512743	0.8798256092578353	0.8351287131393885	0.7224458710010705	0.881166980485193	0.7928354621904712	0.8182937503742255	0.7771635306504405	0.6949837634141366	0.7605381606175575	0.8747964128943865	0.751689453476705	0.8498754789930477	0.7244609410806748	0.7565182895381244	0.7291176936692317	0.836297665686517
Cig-F3-L	0.6186364068659781	0.8047333571958941	0.6615875045091181	0.7111741742523731	0.7379709380228227	0.7156175135398168	0.7162252869228042	0.7481416968647957	0.7760155032005105	0.7716504984359079	0.7513633630816386	0.8104773785872919	0.6298634744258829	0.7438464075340799	0.66978173389537	0.7875954752090375	0.6436561734993986	0.7305738037701646	0.7440983559542652	0.6719850411209389	0.6931550336441555	0.7570414326102151	0.0	0.7460361232888333	0.6908845287795824	0.7006027516414035	0.6812000075966621	0.7187410266958856	0.795437192685752	0.8174056242684768	0.7816228512812117	0.7236195715880137	0.7561520148714568	0.8262592140306895	0.7429897526657198	0.7629013649806524	0.8193738533330802	0.8533996049718612	0.764245910284357	0.8063105570311228	0.751783329683656	0.6879755047645043	0.8020874398964267	0.790114282418049	0.7508761578706028	0.7835996839890742	0.739350856227637	0.6735933600714691	0.7821210849275418	0.7697247777331687	0.8015987353885092	0.7843093249488627	0.7613332993668175	0.7448644166597813	0.7557490762574535	0.7102406268429258	0.7101631091000589	0.7090609279084761	0.727917989455893	0.7320305952520788	0.7081316119111865	0.7316166878511476	0.6831487436914337	0.740070674615503	0.7595604090909845	0.7895472058697287	0.7928613453748169	0.743669656638185	0.6494600033636141	0.8358943090177238	0.7286339565369502	0.7466118957454652	0.7769575518868296	0.7555175704079597	0.7733370953400969	0.8255109215267732	0.7539515907162687	0.8223270135741952	0.7488774707491604	0.7780327313314562	0.737393038372923	0.750399316325402
Cig-F3-L-a	0.7903274377431415	0.7119794111535322	0.8260513313384293	0.7610733879976339	0.8218884459309864	0.780525947707428	0.7381367814883912	0.8451675272977206	0.819102902939515	0.7411959332632311	0.8039909965721007	0.87315064171312	0.7442721975886626	0.8249518811998002	0.783353879465037	0.8402227325461876	0.8005286637051356	0.8255120237228508	0.7608059539270483	0.7026643002506859	0.7323362825311961	0.7850173886180654	0.7460361232888333	0.0	0.7666740896093518	0.7356271102226525	0.7965315192454828	0.8580569683415115	0.8775453701825029	0.7423788887881746	0.8182817874557314	0.8523862089913555	0.8999470481828883	0.8128177364789329	0.8696263696844139	0.8211795695518034	0.7906861109509122	0.8671279934279703	0.880007293968597	0.792360455367359	0.8744419699252398	0.7794968691893214	0.8506280247003078	0.7950011164198788	0.8503901672562288	0.843207341979962	0.8653708962030485	0.8226660925513303	0.7735096618558702	0.7728995515781096	0.7812297847511204	0.8885785888906985	0.7863550310557433	0.7288186264374538	0.7874921251205794	0.7952088743689343	0.7715143198111327	0.7002751229630598	0.7375425306860547	0.7283437144810531	0.7511952747625846	0.870058732204999	0.6817504338822661	0.8195431205771093	0.7625493452314955	0.8419539566781713	0.767564706977197	0.853761721174993	0.8056192302637643	0.827015438865189	0.8096629591388836	0.8241005680962894	0.8716806395368939	0.8104005241105111	0.8883152828897553	0.8348758955095106	0.7427498920045229	0.8735695559643494	0.8455792375104509	0.8543552532635164	0.7730910250803654	0.8667437700222694
Cig-F7-M	0.7254953877750521	0.7741330781857815	0.8052661495095026	0.739827108311427	0.7606942096322714	0.7025484446476186	0.7758630813523145	0.8888133035070493	0.827164318479786	0.8283352851595328	0.8553067756347847	0.8504015950985755	0.7713522392693306	0.8745969554318269	0.7834919800322122	0.8260209055488965	0.729721741771745	0.85680392033126	0.7393634748457899	0.7060541217049846	0.808850150507485	0.8456793289719517	0.6908845287795824	0.7666740896093518	0.0	0.7447155819221366	0.7963328831296952	0.883930427154993	0.8834458027843488	0.8258165154736866	0.8178814660298708	0.853152801057453	0.8931230753323508	0.8490091118030505	0.8797424402531664	0.8755048354730918	0.840434538180135	0.88511726142584	0.8598291167104347	0.7510760179272422	0.8923684184478063	0.7649424518670042	0.8495234640633794	0.7581880337796091	0.8869621300393227	0.8140561369573095	0.8561318432071994	0.8125040170899651	0.7968750395543991	0.794452780886452	0.8403935718080289	0.9094337563936192	0.7103883240900136	0.7456957710887019	0.7981933173193354	0.7972289639082097	0.6527227425031444	0.7807436347800512	0.7466346279836521	0.700908472842816	0.8095995319962943	0.8892857320937344	0.6813585619945864	0.833536455859898	0.7785773550318813	0.873732424564879	0.7665089064478982	0.8176534557808265	0.804908305237552	0.8621568133539442	0.8184925868976697	0.8204117742384623	0.9072814745207284	0.874773453101157	0.8896216062551288	0.8305795657371392	0.7939298876064134	0.862633427435321	0.8234019178845976	0.8998320396222429	0.8211574180981396	0.8532513391664748
